> subsets4 <- ols_step_all_possible(model_full_subsets)
> subsets4
# Kompletterad jämförelsetabell. Interceptmodellen och PRESS har lagts till
# för att följa kriterierna i Kutners kapitel 9.
     k      p   variables     SSE     R2  AdjR2       Cp       AIC       SBC   PRESS
0.0000 1.0000   intercept 12.8077 0.0000 0.0000 151.4975  -75.7025  -73.7135 13.2956
1.0000 2.0000          x1 12.0315 0.0606 0.0425 141.1639  -77.0788  -73.1008 13.5125
1.0000 2.0000          x2  9.9792 0.2208 0.2059 108.5558  -87.1781  -83.2001 10.7439
1.0000 2.0000          x3  7.3316 0.4276 0.4166  66.4889 -103.8269  -99.8489  8.3267
1.0000 2.0000          x4  7.4087 0.4215 0.4104  67.7148 -103.2615  -99.2836  8.0250
2.0000 3.0000       x1+x2  9.4427 0.2627 0.2338 102.0313  -88.1622  -82.1953 11.0620
2.0000 3.0000       x1+x3  5.7810 0.5486 0.5309  43.8517 -114.6583 -108.6914  6.9876
2.0000 3.0000       x1+x4  7.2991 0.4301 0.4078  67.9721 -102.0669  -96.1000  8.4720
2.0000 3.0000       x2+x3  4.3125 0.6633 0.6501  20.5197 -130.4833 -124.5163  5.0653
2.0000 3.0000       x2+x4  6.6220 0.4830 0.4627  57.2149 -107.3236 -101.3566  7.4756
2.0000 3.0000       x3+x4  5.1297 0.5995 0.5838  33.5041 -121.1126 -115.1456  6.1205
3.0000 4.0000    x1+x2+x3  3.1085 0.7573 0.7427   3.3905 -146.1609 -138.2049  3.9142
3.0000 4.0000    x1+x2+x4  6.5702 0.4870 0.4562  58.3917 -105.7477  -97.7918  7.9035
3.0000 4.0000    x1+x3+x4  4.9678 0.6121 0.5889  32.9320 -120.8442 -112.8882  6.2072
3.0000 4.0000    x2+x3+x4  3.6141 0.7178 0.7009  11.4237 -138.0232 -130.0672  4.5969
4.0000 5.0000 x1+x2+x3+x4  3.0840 0.7592 0.7396   5.0000 -144.5895 -134.6446  4.0686
